% Eiffel Tower Structure
% Random Loading Curve

% Coordinates
nodalPositions = [  0.333724,3.56037
0.186366,3.56037
0.441458,3.43482
0.260045,3.40733
0.0801084,3.42951
0.414047,3.28259
0.103045,3.26143
0.245966,3.15992
0.449863,3.12943
0.0774842,3.11151
0.419821,2.95702
0.105689,2.93485
0.418682,2.778
0.102709,2.75199
0.421693,2.59603
0.0977219,2.56659
0.426659,2.41116
0.0918074,2.37868
0.432902,2.22342
0.0852788,2.18826
0.23857,2.12064
0.440107,2.03283
0.0782555,1.99537
0.243246,1.92783
0.448102,1.83943
0.0706994,1.80004
0.248703,1.73231
0.45679,1.64324
0.0624814,1.60233
0.254876,1.53409
0.466129,1.44433
0.0534285,1.40227
0.261762,1.33313
0.476139,1.24272
0.0433295,1.19993
0.270347,1.12776
0.488556,1.03859
0.0319596,0.995366
0.240202,0.878634
0.502941,0.83197
0.019081,0.788651
0.227981,0.669409
0.518363,0.622859
0.00448787,0.580477
0.210445,0.460584
0.534668,0.413771
-0.0117211,0.374359
0.191325,0.253983
0.55183,0.206819
-0.0294031,0.170334
0.348343,0.0854728
0.170601,0.0493928
0.570105,0.00208461
-0.0486725,-0.031525
0.369836,-0.119766
0.147906,-0.153523
0.589985,-0.200325
-0.0700571,-0.231104
0.393687,-0.323742
0.122179,-0.355436
0.612585,-0.400219
-0.0948996,-0.428167
0.422676,-0.528627
0.0896628,-0.55934
0.641489,-0.596997
-0.127978,-0.621807
0.728377,-0.769923
-0.219368,-0.788579
0.519891,-0.834416
-0.010444,-0.838225
0.700328,-0.957168
-0.179548,-0.970579
0.732307,-1.14611
0.438563,-1.16429
0.0848071,-1.16407
-0.211571,-1.15772
0.608903,-1.28517
-0.086571,-1.28772
0.772358,-1.33131
-0.251885,-1.34095
0.0323655,-1.48813
0.492384,-1.49897
0.816187,-1.51312
-0.298731,-1.52025
0.65899,-1.65646
-0.141688,-1.6611
0.869071,-1.68995
-0.349726,-1.69602
0.547846,-1.78843
-0.0272079,-1.79322
0.716712,-1.83428
-0.196461,-1.83702
0.924557,-1.86337
-0.402267,-1.86889
0.806353,-2.01042
0.375569,-2.0386
0.141187,-2.03845
0.59848,-2.03875
-0.285257,-2.01232
-0.0762087,-2.03831
0.975268,-2.0356
1.0926,-2.04126
-0.453933,-2.03899
-0.569488,-2.03815
0.0323442,-2.26416
0.486876,-2.27018
1.10114,-2.23082
0.258222,-2.28194
-0.57947,-2.22215
0.82116,-2.28113
-0.301643,-2.27898
1.1282,-2.42801
-0.603016,-2.41936
0.380578,-2.50863
0.131871,-2.50885
0.623814,-2.56351
-0.110997,-2.56388
1.21643,-2.62163
0.849152,-2.67175
-0.691353,-2.61363
0.256401,-2.70743
-0.33661,-2.67267
0.458537,-2.72969
0.0543006,-2.73004
0.65064,-2.79634
-0.1378,-2.79672
1.04348,-2.82543
-0.531582,-2.83003
1.31004,-2.82383
-0.78644,-2.81702
0.822741,-2.90463
-0.309591,-2.90544
0.967729,-3.04737
1.2005,-3.02804
-0.45209,-3.05059
-0.685046,-3.02684
1.41027,-3.03253
-0.888253,-3.02847
1.07045,-3.22205
-0.558333,-3.22375
1.51573,-3.23862
1.29828,-3.27746
-0.788435,-3.26697
-0.993846,-3.23805
1.11288,-3.42101
-0.611147,-3.41989
1.43093,-3.40728
-0.907966,-3.4138
1.64225,-3.43115
-1.11902,-3.43443
1.14205,-3.62268
-0.621791,-3.62322
1.33167,-3.62029
-0.807446,-3.62305
1.53554,-3.61772
-1.00885,-3.62288
1.73146,-3.61525
-1.20772,-3.6227 ];

% Topology matrix IX(node1,node2,propno),
connectivities = [      103   104     1
   104   109     1
   109   103     1
   102   101     1
   101   107     1
   107   102     1
     1     2     1
     2     4     1
     4     1     1
     7    10     1
    10     8     1
     8     7     1
     6     3     1
     3     4     1
     4     6     1
     9     6     1
     6     8     1
     8     9     1
     3     1     1
     1     4     1
     4     3     1
     2     5     1
     5     4     1
     4     2     1
     5     7     1
     7     4     1
     4     5     1
    11     9     1
     9     8     1
     8    11     1
     7     8     1
     8     4     1
     4     7     1
     8    10     1
    10    12     1
    12     8     1
    94   103     1
   103    99     1
    99    94     1
    13    11     1
    11    12     1
    12    13     1
   101    93     1
    93    95     1
    95   101     1
    88    94     1
    94    92     1
    92    88     1
    15    13     1
    13    14     1
    14    15     1
    93    87     1
    87    91     1
    91    93     1
    12    14     1
    14    13     1
    13    12     1
    84    88     1
    88    86     1
    86    84     1
    87    83     1
    83    85     1
    85    87     1
    17    15     1
    15    16     1
    16    17     1
    80    84     1
    84    81     1
    81    80     1
    14    16     1
    16    15     1
    15    14     1
   154   152     1
   152   146     1
   146   154     1
    68    72     1
    72    70     1
    70    68     1
    83    79     1
    79    82     1
    82    83     1
    76    80     1
    80    78     1
    78    76     1
    19    17     1
    17    18     1
    18    19     1
    16    18     1
    18    17     1
    17    16     1
    71    67     1
    67    69     1
    69    71     1
    79    73     1
    73    77     1
    77    79     1
   151   153     1
   153   145     1
   145   151     1
    72    76     1
    76    75     1
    75    72     1
    66    68     1
    68    70     1
    70    66     1
    18    21     1
    21    19     1
    19    18     1
    22    19     1
    19    21     1
    21    22     1
    73    71     1
    71    74     1
    74    73     1
    20    23     1
    23    21     1
    21    20     1
    20    21     1
    21    18     1
    18    20     1
    67    65     1
    65    69     1
    69    67     1
    25    22     1
    22    24     1
    24    25     1
    23    26     1
    26    24     1
    24    23     1
    23    24     1
    24    21     1
    21    23     1
    21    24     1
    24    22     1
    22    21     1
   155   157     1
   157   149     1
   149   155     1
    28    25     1
    25    27     1
    27    28     1
    62    66     1
    66    64     1
    64    62     1
    26    29     1
    29    27     1
    27    26     1
    26    27     1
    27    24     1
    24    26     1
    24    27     1
    27    25     1
    25    24     1
     6     4     1
     4     8     1
     8     6     1
   109   113     1
   113   111     1
   111   109     1
    58    62     1
    62    60     1
    60    58     1
   158   156     1
   156   150     1
   150   158     1
    65    61     1
    61    63     1
    63    65     1
   112   107     1
   107   110     1
   110   112     1
    31    28     1
    28    30     1
    30    31     1
    29    32     1
    32    30     1
    30    29     1
    54    58     1
    58    56     1
    56    54     1
    61    57     1
    57    59     1
    59    61     1
   156   154     1
   154   148     1
   148   156     1
    34    31     1
    31    33     1
    33    34     1
    32    35     1
    35    33     1
    33    32     1
   133   139     1
   139   134     1
   134   133     1
    50    54     1
    54    52     1
    52    50     1
   146   140     1
   140   143     1
   143   146     1
   140   135     1
   135   136     1
   136   140     1
   132   126     1
   126   122     1
   122   132     1
   125   131     1
   131   119     1
   119   125     1
   123   125     1
   125   116     1
   116   123     1
   124   121     1
   121   115     1
   115   124     1
    57    53     1
    53    55     1
    55    57     1
   135   132     1
   132   128     1
   128   135     1
   131   133     1
   133   127     1
   127   131     1
   126   124     1
   124   117     1
   117   126     1
   121   123     1
   123   114     1
   114   121     1
   139   145     1
   145   142     1
   142   139     1
   153   155     1
   155   147     1
   147   153     1
    29    30     1
    30    27     1
    27    29     1
    27    30     1
    30    28     1
    28    27     1
    37    34     1
    34    36     1
    36    37     1
    47    50     1
    50    48     1
    48    47     1
    35    38     1
    38    36     1
    36    35     1
    99   103     1
   103   111     1
   111    99     1
    94    99     1
    99    92     1
    92    94     1
    92    99     1
    99   100     1
   100    92     1
   100    99     1
